MIN: 0.0003223121777432558
MAX: 0.9998425819227876
k: 15
h: 0.06663468464966962
GAPS:  [0.0003223121777432558, 0.06695699682741288, 0.1335916814770825, 0.20022636612675213, 0.26686105077642175, 0.33349573542609134, 0.40013042007576094, 0.46676510472543054, 0.5333997893751001, 0.6000344740247697, 0.6666691586744393, 0.7333038433241089, 0.7999385279737785, 0.8665732126234481, 0.9332078972731177, 0.9998425819227873]
[664, 674, 687, 649, 654, 676, 659, 650, 669, 689, 626, 681, 684, 652, 685]
[0.0664, 0.0674, 0.0687, 0.0649, 0.0654, 0.0676, 0.0659, 0.065, 0.0669, 0.0689, 0.0626, 0.0681, 0.0684, 0.0652, 0.0685]
Middles:  [0.03363965450257807, 0.10027433915224769, 0.1669090238019173, 0.23354370845158695, 0.30017839310125655, 0.36681307775092614, 0.43344776240059574, 0.5000824470502654, 0.5667171316999349, 0.6333518163496046, 0.6999865009992741, 0.7666211856489438, 0.8332558702986133, 0.899890554948283, 0.9665252395979524]
Math expectation:  0.5005655162827576
Variance:  0.08336697598273579
Diviation:  0.28873339949291593
S2:  0.0833753135140872 , S:  0.28874783724573105
a*:  0.00043959159752238186 , b*:  1.0006914409679928
Dencity:  0.9997482140416647
Fall into intervals chances:  [0.06661790697173674, 0.06661790697173674, 0.06661790697173674, 0.06661790697173674, 0.06661790697173671, 0.06661790697173671, 0.06661790697173671, 0.06661790697173671, 0.06661790697173671, 0.06661790697173671, 0.06661790697173671, 0.06661790697173671, 0.06661790697173671, 0.06661790697173671, 0.06661790697173671]
Theoretical frequencies:  [666.1790697173674, 666.1790697173674, 666.1790697173674, 666.1790697173674, 666.179069717367, 666.179069717367, 666.179069717367, 666.179069717367, 666.179069717367, 666.179069717367, 666.179069717367, 666.179069717367, 666.179069717367, 666.179069717367, 666.179069717367]
X^2:  6.887424032233808
Гипотеза не отвергается. Xstat = 6.887424032233808 < Xcrit = 24.217
Нет зависимости при генерации: |r(τ)| < 1 (|r(τ)| = 0.009909029466482876)
